
1733678093891
1733680210907
1733680502299
1733680784441
1733685875246
1733687086485
1733687359671
1733687657255
1733687941472
1733688231663
1733688521273
1733688837201
1733689125406
1733689407056
1733690677412
1733693462645
1733693739326
1733694026140
1733694314805
1733694617116
1733694897473
1733695190370
1733695484445
1733695780074
1733697773918
1733698624793
1733698911803
1733699227114
1733699500481
1733699786960
1733700380423
1733700665595
1733700966763
1733702661499
1733702964455
1733703243075
1733703571434
1733703829035
1733704148810
1733704409750
1733704720784
1733704995158
1733705302586
1733707796454
1733708072912
1733708371924
1733708657161
1733708957416
1733709241794
1733709532316
1733709833599