
1733192047734
1733206194104
1733219368526
1733236574386
1733237644560
1733285982645
1733286684633
1733300337369
1733302100612
1733309073607
1733393089633
1733393190056
1733393691309
1733404702222
1733467242861
1733657154389
1733663530831
1733673764920
1733732127471
1733733033988
<<<<<<< Updated upstream
1733762859901
=======
1733762898836
>>>>>>> Stashed changes

1733762985048
1733764534487
1733771008345
1733771251832
1733771341555
1733771772495
1733819492304
1733848220632
1733929023035
1733929561982
1733930255927
1733989739143
1733991839579
1734062961546
1734180561834
1734277841271
1734523925827
1734654667384
1735127757752
1735229647926