timestamps
1733068365944
1733130757849
1733063320976
1733120703047
1733138692215
1733069137640
1733068291307
1733060937848
1733060780688
1733069906970
1733068351647
1733060786524
1733066565337
1733069151331
1733112409120
1733113490462
1733063728363
1733137024944
1733127753853
1733068312249
1733065350711
1733068316444
1733063267221
1733069881506
1733133593144
1733063680270
1733143148230
1733130779273
1733069140951
1733114213387
1733112436279
1733063147679
1733112448854
1733063142793
1733143206747
1733120744674
1733060809901
1733060885833