
1736878562715
1736878854355
1736879160510
1736879432011
1736879738021
1736880033328
1736880308349
1736880618380
1736881248663
1736881874770
1736882169448
1736882491283
1736883104126
1736883412177
1736883721635
1736884037549
1736884336429
1736884660598
1736884959226
1736885267211
1736885588684
1736885896923
1736886205752
1736887461246
1736887790824
1736888097157
1736888399957
1736888738244
1736889020493
1736889328416
1736889641334
1736889941315
1736890267468
1736890565003
1736890876439
1736891197023
1736891499929
1736892818158
1736897977180
1736898277899
1736898596717
1736898904962
1736899218113
1736899527018
1736899846852
1736900148316