timestamps
1733045892308
1733042362419
1733050670190
1733046039891
1733043409288
1733046620041
1733042416431
1733192007298
1733192250810
1733195778858
1733212041584
1733217421433
1733218176441
1733234904220
1733235429833
1733235922493
1733236809610
<<<<<<< Updated upstream
1733237952584
=======
1733238027678
>>>>>>> Stashed changes

1733239229888
1733239764246
1733241985412
1733247337583
1733285870788
1733295202140
<<<<<<< Updated upstream
1733306215492
=======
1733306237512
>>>>>>> Stashed changes

1733313491222
1733315894684
1733368731068
1733375397008
1733378312902
1733397848199
1733405104154
1733406548073
1733415875182
1733537620718
1733670105047
1733674939001
1733725101398
1733730879100
1733731314513
1733757035737
1733852250613
1733926659391
1733927467445