timestamps
1733129774037
1733061623827
1733125442333
1733129398648
1733064967840
1733141507717
1733065053202
1733061667674
1733114198439
1733061152121
1733134830522
1733127301142
1733126875322
1733143666174
1733129378352
1733110098843
1733114241500
1733108271177
1733061523750
1733127290075
1733124464378
1733135946030
1733114380455
1733064922739
1733127392903
1733134842655
1733125395121
1733065037638
1733112030029
1733123556023
1733146985307
1733142718761
1733142743870
1733134769963
1733141515237
1733142744650
1733127489207
1733127663428
1733112538631
1733126755754
1733113416655
1733134632203
1733129414785
1733129333910
1733115142322
1733142721572